# Generated by Flusion Ecumenopolis generator.
# Every province is explicitly overridden so vanilla province-ID terrain assignments cannot leak in.

categories = {
    pti = {
        type = pti
    }

    ocean = {
        color = { 255 255 255 }
        sound_type = sea
        is_water = yes
        movement_cost = 1.0
        terrain_override = {
            7193 7194 7195 7196 7197 7198 7199 7200 7201 7202 7203 7204 7205 7206 7207 7208 7209 7210 7211 7212
            7213 7214 7215 7216 7217 7218 7219 7220 7221 7222 7223 7224 7225 7226 7227 7228 7229 7230 7231 7232
            7233 7234 7235 7236 7237 7238 7239 7240 7241 7242 7243 7244 7245 7246 7247 7248 7249 7250 7251 7252
            7253 7254 7255 7256 7257 7258 7259 7260 7261 7262 7263 7264 7265 7266 7267 7268 7269 7270 7271 7272
            7273 7274 7275 7276 7277 7278 7279 7280 7281 7282 7283 7284 7285 7286 7287 7288 7289 7290 7291 7292
            7293 7294 7295 7296 7297 7298 7299 7300 7301 7302 7303 7304 7305 7306 7307 7308 7309 7310 7311 7312
            7313 7314 7315 7316 7317 7318 7319 7320 7321 7322 7323 7324 7325 7326 7327 7328 7329 7330 7331 7332
            7333 7334 7335 7336 7337 7338 7339 7340 7341 7342 7343 7344 7345 7346 7347 7348 7349 7350 7351 7352
            7353 7354 7355 7356 7357 7358 7359 7360 7361 7362 7363 7364 7365 7366 7367 7368 7369 7370 7371 7372
            7373 7374 7375 7376 7377 7378 7379 7380 7381 7382 7383 7384 7385 7386 7387 7388 7389 7390 7391 7392
            7393 7394 7395 7396 7397 7398 7399 7400 7401 7402 7403 7404 7405 7406 7407 7408 7409 7410 7411 7412
            7413 7414 7415 7416 7417 7418 7419 7420 7421 7422 7423 7424 7425 7426 7427 7428 7429 7430 7431 7432
            7433 7434 7435 7436 7437 7438 7439 7440 7441 7442 7443 7444 7445 7446 7447 7448 7449 7450 7451 7452
            7453 7454 7455 7456 7457 7458 7459 7460 7461 7462 7463 7464 7465 7466 7467 7468 7469 7470 7471 7472
            7473 7474 7475 7476 7477 7478 7479 7480 7481 7482 7483 7484 7485 7486 7487 7488 7489 7490 7491 7492
            7493 7494 7495 7496 7497 7498 7499 7500 7501 7502 7503 7504 7505 7506 7507 7508 7509 7510 7511 7512
            7513 7514 7515 7516 7517 7518 7519 7520 7521 7522 7523 7524 7525 7526 7527 7528 7529 7530 7531 7532
            7533 7534 7535 7536 7537 7538 7539 7540 7541 7542 7543 7544 7545 7546 7547 7548 7549 7550 7551 7552
            7553 7554 7555 7556 7557 7558 7559 7560 7561 7562 7563 7564 7565 7566 7567 7568 7569 7570 7571 7572
            7573 7574 7575 7576 7577 7578 7579 7580 7581 7582 7583 7584 7585 7586 7587 7588 7589 7590 7591 7592
            7593 7594 7595 7596 7597 7598 7599 7600 7601 7602 7603 7604 7605 7606 7607 7608 7609 7610 7611 7612
            7613 7614 7615 7616 7617 7618 7619 7620 7621 7622 7623 7624 7625 7626 7627 7628 7629 7630 7631 7632
            7633 7634 7635 7636 7637 7638 7639 7640 7641 7642 7643 7644 7645 7646 7647 7648 7649 7650 7651 7652
            7653 7654 7655 7656 7657 7658 7659 7660 7661 7662 7663 7664 7665 7666 7667 7668 7669 7670 7671 7672
            7673 7674 7675 7676 7677 7678 7679 7680 7681 7682 7683 7684 7685 7686 7687 7688 7689 7690 7691 7692
            7693 7694 7695 7696 7697 7698 7699 7700 7701 7702 7703 7704 7705 7706 7707 7708
        }
    }

    inland_ocean = {
        color = { 0 0 200 }
        sound_type = sea
        is_water = yes
        inland_sea = yes
        movement_cost = 1.0
        terrain_override = {
            7709 7710 7711 7712 7713 7714 7715 7716 7717 7718 7719 7720 7721 7722 7723 7724 7725 7726 7727 7728
            7729 7730 7731 7732 7733 7734 7735 7736 7737 7738 7739 7740 7741 7742 7743 7744 7745 7746 7747 7748
            7749 7750 7751 7752 7753 7754 7755 7756 7757 7758 7759 7760 7761 7762 7763 7764 7765 7766 7767 7768
            7769 7770 7771 7772 7773 7774 7775 7776 7777 7778 7779 7780 7781 7782 7783 7784 7785 7786 7787 7788
            7789 7790 7791 7792 7793 7794 7795 7796 7797 7798 7799 7800 7801 7802 7803 7804 7805 7806 7807 7808
            7809 7810 7811 7812 7813 7814 7815 7816 7817 7818 7819 7820 7821 7822 7823 7824 7825 7826 7827 7828
            7829 7830 7831 7832 7833 7834 7835 7836 7837 7838
        }
    }

    glacier = {
        color = { 235 235 235 }
        sound_type = desert
        defence = 1
        movement_cost = 1.25
        supply_limit = 2
        local_development_cost = 0.50
        terrain_override = {
            2 3 4 5 6 7 8 9 10 11 12 13 14 15 16 17 18 19 20 21 22 23 24 25 26 27 28 1789 1790 1923 1924 1925 6899
            6936 6937 6940 6941 6942 6953 6955 6965 6971 6972 6973 6974 6975 6976 6977 6987 6988 6989 6990 6991
            6992 6993 6994 6995 6996 6997 6998 7025 7026 7027 7028 7030 7031 7032 7033 7034 7035 7036 7037 7038
            7039 7040 7041 7042 7043 7044 7045 7046 7047 7048 7049 7050 7051 7052 7053 7054 7055 7056 7057 7058
            7059 7060 7061 7062 7063 7064 7065 7066 7067 7068 7069 7070 7071 7072 7073 7074 7075 7076 7077 7078
            7079 7080 7081 7082 7083 7084 7085 7086 7087 7088 7089 7090 7091 7092 7093 7096 7097 7099 7100 7103
            7106 7108 7110 7112 7113 7116 7117 7122 7123 7125 7128 7132 7134 7136 7137 7140 7143 7144 7146 7147
            7148 7149 7150 7151 7152 7153 7154 7155 7156 7157 7158 7159 7160 7161 7162 7163 7164 7165 7166 7167
            7168 7169 7170 7171 7172 7173 7174 7175 7176 7177 7178 7179 7180 7184 7185 7186 7187 7188 7189 7190
            7191 7192 7839
        }
    }

    farmlands = {
        color = { 179 255 64 }
        type = plains
        sound_type = plains
        movement_cost = 1.10
        local_development_cost = -0.05
        supply_limit = 10
        allowed_num_of_buildings = 1
        terrain_override = {
            88 89 97 384 386 387 425 475 508 509 531 532 549 550 551 577 620 626 627 640 643 671 676 694 697 706
            796 1089 1261 1346 1347 1389 1528 1786 2193 2439 2440 2441 2442 2591 2744 2777 2943 3154 3447 3476
            3480 3562 3588 3603 3629 3642 3643 4117 4268 4413 4468 4487 4503 4579 4588 4624 4754 4879 4930 5010
            5115 5306 5698 5722 5774 5775 5805 5811 5819 5854 5913 5922 5923 5961 6061 6062 6075 6185 6246 6247
            6248 6249 6250 6255 6313 6327 6374
        }
    }

    forest = {
        color = { 31 116 16 }
        type = forest
        sound_type = forest
        movement_cost = 1.25
        defence = 1
        combat_width = -0.20
        supply_limit = 4
        local_development_cost = 0.20
        terrain_override = {
            60 61 62 63 64 65 66 72 73 74 75 76 77 80 81 82 83 84 85 86 87 90 91 92 93 94 95 96 113 114 118 127
            128 129 130 140 141 142 143 145 157 162 163 173 174 175 181 182 183 184 185 186 187 188 192 193 219
            274 277 282 283 284 285 286 296 301 302 305 306 341 349 364 365 366 367 368 417 423 441 463 520 555
            556 557 614 615 616 618 619 621 622 623 624 625 634 635 641 642 682 683 707 708 709 710 716 717 745
            769 770 771 772 773 774 775 791 792 793 807 808 817 833 834 835 861 862 863 864 865 879 896 897 905
            906 907 928 929 930 931 934 941 966 970 971 972 980 981 1002 1015 1016 1017 1018 1019 1020 1035 1036
            1037 1047 1061 1062 1067 1068 1069 1109 1110 1111 1112 1120 1128 1134 1135 1216 1217 1239 1248 1255
            1264 1286 1327 1328 1329 1330 1331 1401 1417 1418 1434 1439 1440 1441 1442 1450 1460 1461 1462 1463
            1464 1479 1505 1513 1526 1527 1530 1543 1551 1560 1561 1619 1620 1621 1622 1625 1626 1627 1638 1653
            1765 1766 1767 1768 1888 1916 1919 1920 1921 1922 1981 2006 2068 2083 2126 2129 2130 2131 2145 2146
            2147 2148 2153 2175 2176 2201 2202 2214 2215 2216 2217 2218 2219 2240 2245 2252 2309 2371 2375 2376
            2387 2395 2396 2450 2465 2466 2467 2468 2509 2510 2511 2512 2513 2514 2515 2516 2517 2518 2522 2523
            2524 2545 2546 2547 2548 2549 2552 2553 2554 2555 2556 2592 2593 2594 2627 2628 2629 2630 2631 2632
            2633 2641 2653 2654 2655 2656 2657 2658 2659 2660 2695 2709 2710 2711 2712 2713 2714 2728 2729 2737
            2738 2739 2740 2741 2745 2746 2747 2748 2749 2758 2759 2760 2769 2770 2771 2772 2788 2817 2825 2826
            2827 2869 2880 2881 2882 2883 2884 2897 2925 2926 2927 2937 2967 2968 2969 2983 3018 3019 3020 3021
            3036 3037 3039 3040 3053 3098 3099 3100 3101 3120 3121 3123 3124 3139 3140 3141 3144 3145 3146 3147
            3161 3173 3174 3175 3176 3177 3237 3252 3253 3254 3322 3323 3341 3345 3346 3347 3348 3360 3367 3368
            3384 3394 3395 3442 3443 3444 3449 3502 3503 3510 3511 3546 3547 3548 3555 3556 3557 3558 3559 3560
            3600 3609 3610 3611 3612 3613 3614 3649 3654 3655 3656 3657 3664 3665 3666 3667 3668 3696 3743 3822
            3823 3824 3857 3939 3941 3969 3970 3971 3972 3973 3984 3985 3986 3990 3991 3992 3999 4015 4062 4082
            4083 4084 4085 4086 4087 4129 4130 4138 4141 4153 4154 4155 4175 4176 4177 4222 4231 4232 4261 4262
            4263 4264 4265 4266 4298 4299 4300 4301 4302 4323 4338 4339 4356 4388 4389 4400 4401 4402 4411 4414
            4426 4432 4482 4483 4484 4485 4486 4519 4520 4521 4534 4544 4545 4546 4547 4548 4557 4574 4575 4576
            4609 4610 4611 4612 4613 4614 4615 4616 4617 4618 4639 4644 4658 4659 4685 4686 4687 4688 4689 4725
            4846 4847 4848 4849 4859 4860 4861 4922 4923 4924 4925 4987 4988 4989 5025 5109 5275 5276 5277 5299
            5303 5304 5305 5315 5316 5317 5318 5319 5324 5398 5430 5435 5436 5437 5456 5457 5458 5517 5528 5529
            5530 5589 5609 5610 5611 5612 5613 5620 5621 5622 5641 5668 5669 5685 5686 5705 5712 5713 5714 5715
            5716 5717 5718 5769 5770 5771 5772 5806 5807 5808 5842 5843 5891 5892 5904 5907 5908 5919 5920 6027
            6045 6046 6047 6063 6094 6095 6116 6151 6153 6154 6155 6156 6175 6176 6177 6178 6179 6180 6189 6190
            6191 6195 6254 6256 6308 6309 6310 6312 6315 6316 6326 6334 6347 6348 6349 6369 6370 6397 6398 6407
            6421 6422 6455 6456 6457 6458 6459 6470 6471 6472 6477 6479 6480 6494 6495 6496 6497 6522 6523 6533
            6534 6535 6536 6537 6538 6546 6547 6548 6549 6550 6566 6567 6568 6594 6598 6600 6601 6602 6615 6616
            6617 6618 6622 6623 6624 6625 6626 6629 6630 6636 6644 6648 6659 6660 6661 6662 6663 6664 6665 6671
            6672 6674 6675 6676 6677 6678 6690 6691 6692 6693 6694 6740 6741 6742 6743 6744 6745 6769 6771 6772
            6773 6774 6775 6777 6790 6797 6798 6799 6800 6801 6802 6803 6807 6808 6825 6826 6827 6828 6835 6836
            6837 6840 6841 6842 6843 6844 6847 6848 6849 6864 6865 6876 6888 6889 6890 6891 6892 6893 6894 6895
            6896 6901 6902 6903 6904 6905 6906 6907 6908 6915 6916 6920 6938 6943 6945 6946 6947 6948 6949 6950
            6951 6952 6956 6957 6958 6959 6960 6961 6962 6963 6964 6966 6967 6978 6979 6980 6981 6982 6983 6984
            6985 6986 7000 7001 7002 7003 7004 7005 7006 7007 7008 7009 7010 7011 7012 7013 7014 7015 7016 7017
            7018 7019 7020 7021 7022 7023 7024 7029
        }
    }

    hills = {
        color = { 113 176 151 }
        type = hills
        sound_type = mountain
        movement_cost = 1.40
        defence = 1
        local_defensiveness = 0.10
        local_development_cost = 0.25
        combat_width = -0.25
        supply_limit = 5
        terrain_override = {
            105 123 124 125 132 133 134 135 136 137 138 139 144 146 147 150 151 152 153 154 155 156 164 165 166
            167 168 169 197 198 206 207 208 209 210 211 212 213 214 215 216 217 218 222 223 224 225 226 227 228
            229 230 231 235 236 237 238 239 257 275 276 278 287 288 289 291 320 328 331 345 359 369 374 375 382
            383 396 397 398 399 418 449 450 451 452 453 454 455 456 457 458 459 460 461 467 468 469 473 477 478
            479 480 481 482 483 484 485 495 510 511 512 527 528 552 553 554 569 576 582 606 607 608 609 610 617
            628 632 633 636 637 638 639 649 688 689 690 695 702 711 712 713 714 718 722 731 746 747 762 785 786
            801 802 809 810 818 819 836 852 853 866 867 868 869 874 875 876 877 878 880 881 882 886 887 893 898
            937 938 939 943 944 945 969 984 986 1000 1001 1003 1004 1005 1006 1007 1008 1021 1028 1038 1044 1045
            1046 1049 1050 1051 1056 1063 1064 1066 1074 1085 1086 1087 1092 1093 1094 1095 1096 1098 1104 1105
            1107 1108 1113 1114 1130 1131 1132 1133 1153 1154 1155 1156 1158 1171 1172 1173 1174 1181 1182 1183
            1184 1194 1204 1205 1206 1207 1208 1209 1210 1211 1212 1213 1215 1218 1219 1225 1226 1230 1278 1285
            1291 1292 1304 1305 1310 1311 1312 1325 1336 1337 1341 1349 1367 1379 1386 1387 1388 1402 1403 1416
            1423 1430 1431 1449 1451 1452 1457 1467 1481 1482 1483 1484 1509 1510 1511 1512 1517 1518 1522 1545
            1546 1547 1553 1555 1559 1595 1596 1598 1600 1602 1603 1604 1605 1612 1613 1614 1617 1644 1645 1646
            1647 1648 1649 1650 1651 1652 1655 1678 1690 1702 1703 1706 1714 1716 1717 1730 1731 1736 1746 1747
            1760 1761 1762 1778 1781 1799 1800 1801 1802 1804 1807 1823 1824 1825 1827 1828 1829 1831 1832 1833
            1841 1842 1852 1853 1854 1871 1874 1875 1876 1877 1887 1897 1906 1917 1918 1929 1931 1932 1935 1938
            1949 1950 1951 1952 1953 1976 1977 1978 1979 1980 1982 1983 1989 1990 1991 1998 1999 2011 2012 2013
            2014 2016 2017 2018 2022 2026 2029 2030 2031 2039 2043 2044 2069 2096 2124 2132 2133 2151 2152 2160
            2161 2162 2166 2167 2168 2169 2171 2172 2173 2194 2195 2206 2207 2220 2221 2227 2228 2237 2238 2249
            2250 2251 2256 2257 2268 2269 2270 2276 2277 2278 2279 2280 2281 2288 2289 2290 2291 2292 2297 2298
            2299 2300 2303 2304 2305 2306 2307 2310 2313 2314 2321 2322 2323 2324 2325 2327 2328 2329 2330 2331
            2332 2333 2334 2335 2336 2337 2338 2339 2340 2347 2349 2350 2351 2352 2353 2354 2355 2356 2357 2360
            2361 2372 2373 2388 2398 2421 2422 2423 2425 2446 2452 2453 2454 2455 2456 2459 2460 2461 2462 2463
            2469 2479 2480 2481 2482 2484 2491 2492 2493 2495 2496 2497 2498 2499 2500 2501 2502 2504 2507 2508
            2532 2537 2538 2539 2540 2541 2542 2557 2565 2566 2567 2568 2571 2574 2586 2587 2588 2602 2603 2604
            2605 2606 2623 2626 2648 2649 2650 2652 2679 2680 2691 2708 2753 2754 2774 2775 2783 2784 2800 2814
            2819 2822 2830 2838 2839 2854 2863 2885 2886 2887 2888 2889 2903 2904 2928 2929 2941 2957 2963 2964
            2976 2996 3012 3047 3048 3054 3065 3066 3072 3073 3074 3075 3076 3077 3083 3084 3085 3114 3126 3127
            3128 3133 3148 3149 3150 3153 3171 3235 3249 3250 3269 3270 3271 3279 3297 3326 3361 3385 3389 3392
            3393 3401 3402 3403 3404 3405 3411 3427 3428 3429 3430 3439 3440 3441 3445 3446 3451 3533 3534 3552
            3595 3604 3605 3619 3630 3631 3644 3645 3646 3674 3708 3718 3719 3720 3725 3755 3762 3771 3782 3783
            3786 3790 3813 3814 3828 3829 3860 3861 3862 3863 3864 3865 3874 3875 3880 3881 3882 3883 3893 3894
            3895 3913 3921 3922 3959 3960 3961 3962 3963 3987 3988 3989 4001 4021 4024 4028 4029 4030 4031 4032
            4114 4116 4120 4121 4134 4135 4136 4137 4144 4145 4149 4151 4160 4161 4162 4167 4168 4173 4183 4188
            4194 4195 4196 4197 4200 4201 4202 4203 4219 4220 4221 4224 4233 4234 4235 4249 4250 4251 4257 4258
            4259 4260 4305 4310 4315 4316 4317 4320 4321 4322 4324 4325 4326 4348 4352 4361 4372 4378 4379 4382
            4383 4384 4385 4386 4387 4390 4404 4410 4415 4422 4425 4434 4441 4444 4446 4447 4448 4449 4464 4465
            4517 4518 4533 4535 4567 4569 4570 4573 4619 4630 4645 4649 4651 4697 4698 4721 4742 4743 4744 4745
            4752 4792 4793 4794 4795 4796 4818 4819 4821 4841 4842 4843 4845 4850 4851 4862 4863 4874 4880 4886
            4902 4903 4904 4905 4939 4967 4972 4973 4974 4981 4982 4992 4994 4995 4996 4997 5005 5006 5009 5017
            5018 5019 5031 5036 5037 5038 5039 5040 5041 5042 5046 5048 5063 5066 5067 5070 5077 5079 5080 5081
            5098 5099 5100 5102 5103 5105 5106 5110 5111 5118 5159 5160 5162 5163 5165 5166 5167 5185 5186 5189
            5210 5215 5224 5229 5241 5251 5252 5253 5258 5260 5291 5292 5307 5308 5309 5321 5328 5334 5336 5346
            5355 5356 5357 5358 5359 5360 5361 5363 5364 5365 5366 5367 5368 5376 5392 5393 5394 5395 5396 5397
            5399 5400 5403 5404 5405 5406 5407 5408 5409 5410 5411 5416 5418 5419 5420 5421 5438 5449 5450 5451
            5452 5453 5454 5455 5478 5491 5492 5493 5494 5496 5515 5516 5518 5554 5555 5566 5580 5585 5586 5587
            5588 5590 5591 5595 5596 5597 5606 5607 5615 5616 5617 5627 5647 5653 5654 5655 5656 5657 5658 5663
            5664 5666 5670 5672 5681 5682 5699 5700 5701 5707 5719 5723 5730 5734 5735 5736 5764 5765 5766 5767
            5768 5785 5786 5787 5788 5809 5821 5822 5823 5826 5827 5840 5847 5848 5849 5850 5851 5852 5857 5863
            5864 5865 5866 5871 5872 5873 5874 5875 5876 5877 5878 5884 5899 5900 5921 5939 5940 5941 5946 5948
            5986 5994 5995 5996 5997 5998 5999 6000 6001 6028 6029 6030 6032 6042 6076 6077 6078 6085 6086 6088
            6089 6090 6091 6092 6093 6096 6097 6100 6106 6113 6115 6150 6158 6159 6160 6167 6168 6173 6181 6182
            6183 6184 6186 6196 6198 6200 6210 6211 6212 6227 6234 6235 6236 6243 6257 6258 6285 6292 6293 6306
            6307 6325 6333 6338 6339 6340 6341 6354 6355 6356 6363 6364 6381 6388 6389 6390 6400 6415 6426 6427
            6431 6433 6434 6435 6460 6466 6469 6475 6476 6478 6482 6487 6488 6489 6490 6500 6501 6502 6505 6521
            6540 6541 6542 6551 6552 6553 6554 6555 6558 6561 6574 6575 6576 6577 6595 6597 6607 6620 6621 6627
            6628 6634 6645 6656 6657 6658 6682 6683 6695 6712 6713 6726 6728 6735 6736 6737 6738 6749 6750 6764
            6765 6766 6776 6791 6809 6810 6811 6812 6813 6819 6820 6821 6829 6830 6831 6832 6833 6838 6839 6845
            6846 6852 6853 6855 6858 6871 6874 6875 6877 6878 6879 6880 6883 6884 6897 6900 6944
        }
    }

    woods = {
        color = { 41 155 22 }
        type = forest
        sound_type = forest
        movement_cost = 1.10
        defence = 1
        local_development_cost = 0.15
        combat_width = -0.20
        supply_limit = 6
        terrain_override = {
            98 99 100 103 179 189 195 196 232 233 234 262 263 264 266 267 268 269 270 271 272 273 293 294 295 303
            304 343 344 421 422 440 447 448 505 506 507 514 515 516 517 518 519 523 524 525 567 568 611 655 656
            667 668 669 670 672 678 700 701 715 748 749 750 751 752 753 754 761 794 803 820 837 838 839 843 851
            871 872 885 892 903 904 908 909 910 911 912 922 923 924 925 926 927 935 948 949 957 958 959 960 961
            973 983 990 1009 1022 1023 1024 1039 1060 1070 1071 1072 1073 1079 1080 1081 1082 1106 1149 1185 1186
            1187 1188 1197 1202 1203 1224 1252 1267 1268 1269 1281 1282 1283 1293 1294 1295 1296 1297 1298 1317
            1318 1319 1380 1392 1394 1395 1421 1422 1427 1428 1429 1453 1454 1455 1458 1459 1469 1496 1514 1515
            1516 1519 1520 1521 1523 1524 1532 1540 1541 1542 1548 1549 1550 1554 1567 1568 1569 1572 1573 1574
            1575 1586 1587 1588 1589 1636 1637 1641 1642 1643 1656 1657 1658 1659 1660 1668 1669 1680 1681 1682
            1683 1688 1689 1693 1704 1708 1709 1710 1712 1713 1727 1728 1729 1732 1733 1748 1775 1776 1785 1795
            1821 1822 1830 1838 1839 1840 1843 1844 1845 1846 1850 1858 1859 1860 1863 1864 1865 1866 1872 1873
            1884 1885 1894 1895 1896 1911 1912 1913 1926 1927 1937 1942 1943 1944 1966 1967 2003 2019 2020 2032
            2033 2034 2035 2036 2037 2038 2045 2051 2053 2054 2055 2056 2078 2087 2088 2089 2097 2098 2099 2117
            2118 2127 2159 2182 2203 2204 2209 2225 2226 2267 2285 2286 2287 2326 2379 2380 2381 2414 2415 2416
            2435 2436 2437 2447 2448 2449 2494 2503 2505 2506 2521 2533 2589 2634 2635 2642 2644 2645 2646 2681
            2682 2700 2701 2778 2779 2780 2781 2782 2793 2797 2815 2816 2829 2872 2873 2874 2879 2911 2912 2913
            2914 2915 2965 2966 2977 2978 3014 3016 3017 3028 3056 3057 3069 3125 3138 3142 3183 3186 3188 3191
            3204 3205 3247 3248 3259 3321 3358 3359 3396 3397 3398 3399 3400 3457 3458 3479 3484 3485 3498 3499
            3500 3501 3519 3641 3650 3659 3682 3689 3690 3691 3698 3699 3700 3701 3726 3727 3756 3757 3772 3773
            3778 3792 3797 3798 3815 3821 3870 3906 3907 3908 3909 3928 3938 4003 4004 4022 4023 4033 4037 4038
            4039 4057 4058 4059 4060 4068 4069 4070 4072 4076 4077 4122 4133 4169 4184 4198 4199 4212 4213 4223
            4229 4247 4290 4349 4362 4368 4405 4406 4407 4408 4409 4417 4419 4431 4445 4469 4479 4509 4556 4558
            4597 4598 4599 4620 4623 4638 4657 4663 4664 4665 4666 4684 4718 4719 4720 4733 4734 4755 4779 4790
            4799 4800 4801 4802 4837 4852 4858 4866 4979 4980 5032 5035 5047 5076 5164 5196 5197 5198 5202 5238
            5331 5335 5337 5338 5339 5340 5341 5377 5401 5402 5417 5431 5465 5471 5472 5473 5474 5475 5476 5477
            5486 5521 5523 5546 5547 5550 5551 5557 5558 5565 5570 5571 5572 5573 5584 5598 5604 5608 5619 5630
            5631 5632 5651 5662 5671 5704 5706 5739 5740 5741 5751 5758 5780 5804 5812 5813 5815 5816 5830 5834
            5835 5836 5837 5845 5853 5855 5883 5889 5962 5963 5964 6049 6050 6051 6058 6060 6067 6098 6120 6121
            6130 6131 6132 6172 6192 6194 6201 6232 6233 6240 6241 6242 6244 6245 6251 6252 6253 6266 6268 6269
            6270 6271 6332 6342 6343 6344 6345 6346 6352 6353 6359 6360 6361 6371 6399 6411 6418 6453 6461 6463
            6513 6514 6557 6573 6632 6633 6646 6647 6729 6816 6817 6818 6854 6954
        }
    }

    mountain = {
        color = { 105 24 4 }
        type = mountains
        sound_type = mountain
        movement_cost = 1.50
        defence = 2
        local_defensiveness = 0.25
        local_development_cost = 0.50
        combat_width = -0.50
        supply_limit = 4
        terrain_override = {
            33 34 35 36 37 38 39 40 41 42 43 44 45 46 47 48 49 51 52 53 54 55 56 57 58 59 67 68 69 70 71 78 79 104
            120 121 122 126 131 148 149 159 160 161 177 178 190 191 220 221 253 254 258 259 260 261 279 280 281
            290 292 329 330 332 333 342 346 347 348 356 357 358 388 413 416 424 431 434 435 436 437 438 439 442
            443 444 445 446 462 465 493 494 513 521 522 566 580 583 629 644 645 646 696 699 723 732 733 734 759
            760 780 781 782 783 784 795 797 798 816 825 840 841 842 844 845 846 854 873 884 894 895 914 915 916
            917 918 940 946 947 953 954 977 978 979 989 1014 1029 1030 1048 1052 1053 1054 1055 1057 1065 1083
            1119 1129 1140 1141 1142 1143 1144 1145 1146 1157 1169 1180 1189 1195 1196 1200 1201 1214 1220 1236
            1244 1249 1250 1253 1254 1256 1257 1270 1279 1280 1284 1313 1314 1315 1316 1338 1339 1340 1348 1360
            1361 1362 1384 1385 1390 1391 1396 1397 1415 1420 1432 1435 1465 1470 1471 1485 1486 1493 1495 1529
            1533 1534 1535 1537 1538 1544 1552 1556 1557 1562 1585 1597 1601 1606 1607 1608 1618 1628 1629 1633
            1634 1635 1639 1640 1661 1662 1663 1664 1665 1666 1667 1675 1676 1677 1679 1715 1719 1720 1721 1737
            1738 1739 1740 1741 1742 1743 1744 1745 1752 1763 1764 1780 1782 1796 1798 1803 1851 1886 1898 1899
            1900 1901 1902 1903 1904 1905 1928 1933 1934 1936 1939 1954 1961 1962 1963 1964 1965 1974 1975 1992
            2001 2002 2008 2009 2010 2021 2027 2028 2040 2041 2042 2046 2047 2048 2060 2070 2071 2072 2079 2080
            2081 2082 2085 2086 2100 2105 2106 2107 2108 2109 2128 2134 2135 2136 2142 2143 2144 2149 2150 2174
            2183 2184 2185 2186 2196 2197 2198 2199 2224 2239 2242 2243 2244 2255 2258 2259 2260 2261 2262 2263
            2271 2272 2282 2283 2284 2294 2302 2308 2312 2344 2345 2346 2358 2359 2363 2369 2370 2374 2377 2378
            2382 2383 2384 2385 2386 2389 2394 2397 2399 2400 2407 2433 2434 2438 2457 2464 2483 2529 2534 2535
            2536 2570 2575 2607 2617 2636 2647 2661 2662 2663 2670 2678 2684 2685 2686 2715 2716 2717 2718 2719
            2721 2722 2723 2724 2725 2726 2776 2790 2805 2823 2836 2837 2870 2890 2898 2899 2900 2901 2919 2930
            2931 2940 2984 2986 3010 3011 3013 3046 3070 3071 3115 3119 3132 3151 3152 3179 3184 3192 3282 3283
            3284 3298 3306 3333 3340 3351 3352 3353 3354 3355 3356 3357 3362 3378 3379 3380 3387 3388 3407 3408
            3409 3410 3420 3426 3450 3452 3453 3481 3549 3550 3551 3553 3571 3624 3625 3627 3637 3638 3639 3669
            3670 3671 3683 3697 3702 3703 3704 3744 3745 3746 3747 3749 3775 3776 3777 3787 3791 3820 3837 3848
            3866 3887 3888 3904 3905 3914 3915 3916 3917 3983 3998 4006 4012 4013 4061 4078 4079 4080 4081 4118
            4119 4131 4132 4142 4148 4150 4190 4211 4217 4218 4240 4243 4269 4295 4296 4297 4303 4304 4319 4340
            4353 4354 4355 4380 4381 4398 4399 4416 4421 4427 4433 4435 4436 4456 4466 4467 4477 4478 4480 4481
            4492 4493 4494 4508 4580 4600 4601 4602 4603 4608 4648 4650 4691 4692 4711 4712 4713 4714 4722 4723
            4724 4753 4791 4797 4803 4804 4805 4817 4839 4844 4853 4854 4864 4865 4875 4876 4899 4900 4901 4909
            4910 4915 4940 4941 4943 4944 4945 4951 4952 4953 4966 4975 4976 4977 4978 4986 4990 4991 5020 5021
            5026 5034 5043 5044 5060 5065 5069 5078 5091 5092 5093 5104 5112 5113 5132 5142 5143 5144 5181 5182
            5212 5216 5217 5218 5219 5225 5226 5227 5228 5236 5237 5239 5240 5243 5254 5262 5263 5269 5278 5279
            5280 5281 5300 5310 5314 5322 5323 5330 5352 5378 5379 5380 5381 5391 5432 5433 5439 5440 5448 5479
            5480 5481 5490 5495 5502 5503 5504 5505 5506 5507 5508 5509 5522 5531 5532 5533 5567 5568 5569 5574
            5592 5614 5642 5659 5660 5661 5673 5680 5683 5692 5694 5695 5731 5732 5738 5742 5743 5795 5796 5797
            5798 5803 5817 5818 5838 5839 5841 5856 5861 5887 5888 5890 5914 5930 5931 5944 5945 5960 5979 5980
            6007 6008 6009 6010 6033 6034 6044 6048 6059 6066 6082 6084 6117 6118 6119 6127 6128 6129 6133 6134
            6135 6141 6142 6161 6162 6163 6187 6197 6199 6231 6261 6262 6263 6264 6265 6272 6277 6291 6314 6321
            6351 6362 6365 6372 6375 6384 6385 6394 6395 6396 6406 6408 6412 6413 6414 6417 6419 6436 6437 6438
            6439 6451 6452 6462 6464 6465 6473 6474 6481 6510 6511 6512 6516 6517 6518 6519 6520 6556 6559 6562
            6563 6564 6599 6631 6635 6669 6670 6673 6679 6680 6681 6685 6707 6708 6717 6718 6723 6724 6725 6727
            6731 6732 6733 6734 6746 6747 6748 6759 6760 6761 6762 6763 6767 6768 6770 6780 6782 6784 6785 6787
            6788 6789 6814 6815 6850 6866 6867 6873 6885 6886 6898 6921 6922 6934 6935 6939 7181 7182 7183
        }
    }

    impassable_mountains = {
        color = { 128 128 128 }
        sound_type = desert
        movement_cost = 8.0
        defence = 6
        local_development_cost = 10
        terrain_override = {
        }
    }

    relic = {
        color = { 64 64 64 }
        sound_type = mountain
        movement_cost = 1.60
        defence = 2
        local_defensiveness = 0.20
        local_development_cost = 0.40
        combat_width = -0.20
        supply_limit = 4
        terrain_override = {
        }
    }

    megadam = {
        color = { 96 96 96 }
        sound_type = mountain
        movement_cost = 1.80
        defence = 2
        local_defensiveness = 0.25
        local_development_cost = 0.60
        combat_width = -0.15
        supply_limit = 4
        terrain_override = {
        }
    }

    grasslands = {
        color = { 130 255 47 }
        type = plains
        sound_type = plains
        movement_cost = 1.0
        supply_limit = 8
        allowed_num_of_buildings = 1
        terrain_override = {
            1 29 30 31 32 50 101 102 106 107 108 109 110 111 112 115 116 117 119 158 172 180 194 199 200 201 202
            203 204 205 240 241 242 243 244 245 246 247 248 249 250 251 252 255 256 265 297 298 299 300 307 308
            309 310 311 312 313 314 315 316 317 318 319 321 322 323 324 325 326 327 334 335 336 337 338 339 340
            350 351 352 353 354 355 360 361 362 363 370 371 372 373 378 379 380 381 385 389 390 391 392 393 394
            395 400 401 403 404 405 406 407 408 409 410 411 412 414 415 419 420 426 427 428 432 433 464 466 470
            471 472 474 476 487 488 489 490 491 496 497 498 499 500 501 502 503 526 530 533 534 535 536 537 538
            539 540 541 542 543 544 545 546 547 548 558 559 560 561 562 563 564 565 570 571 572 573 574 575 578
            579 581 584 585 586 587 588 589 590 591 592 593 594 595 596 597 598 599 600 601 602 612 613 630 631
            647 648 650 651 652 653 654 657 658 659 660 661 662 663 664 665 666 673 674 675 679 680 681 686 687
            691 692 693 698 704 705 719 720 721 724 725 726 727 728 729 735 736 737 738 739 740 741 755 756 757
            758 763 764 765 766 767 776 777 778 779 787 788 789 790 804 805 806 811 812 813 814 815 821 822 823
            824 826 827 828 829 830 831 832 847 848 849 850 855 856 857 858 859 860 870 883 888 889 890 891 899
            900 901 902 919 932 933 950 951 952 962 963 964 965 967 968 974 975 976 982 985 987 988 991 992 993
            994 995 996 997 998 999 1010 1011 1012 1013 1025 1026 1027 1040 1041 1042 1043 1058 1059 1075 1076
            1077 1078 1084 1088 1097 1102 1103 1115 1116 1117 1118 1136 1137 1138 1139 1147 1148 1150 1151 1152
            1159 1160 1161 1167 1168 1170 1175 1176 1177 1178 1179 1190 1191 1192 1193 1198 1199 1231 1232 1233
            1234 1235 1240 1241 1242 1243 1272 1273 1274 1275 1276 1277 1288 1289 1290 1299 1300 1301 1302 1303
            1344 1345 1350 1351 1352 1353 1354 1355 1356 1357 1358 1359 1368 1369 1370 1371 1372 1373 1374 1375
            1376 1377 1378 1381 1382 1383 1393 1413 1414 1419 1424 1425 1426 1433 1443 1444 1445 1446 1447 1466
            1468 1472 1473 1474 1475 1476 1477 1478 1480 1488 1489 1490 1491 1494 1531 1539 1563 1564 1565 1566
            1576 1577 1578 1579 1580 1581 1582 1583 1584 1590 1591 1592 1593 1594 1615 1616 1623 1624 1630 1631
            1632 1654 1670 1671 1673 1674 1684 1685 1686 1687 1697 1698 1707 1722 1723 1724 1725 1749 1750 1751
            1753 1754 1755 1756 1757 1758 1759 1770 1771 1772 1773 1777 1783 1784 1791 1792 1793 1794 1797 1805
            1806 1808 1809 1810 1811 1812 1819 1820 1826 1834 1835 1836 1837 1847 1848 1849 1855 1861 1862 1867
            1868 1869 1870 1878 1879 1880 1881 1882 1883 1889 1890 1891 1892 1893 1955 1956 1957 1958 1959 1960
            1969 1970 1971 1972 1985 1986 1987 1988 1993 1994 1995 1996 1997 2000 2015 2049 2050 2057 2058 2061
            2062 2063 2064 2065 2066 2067 2074 2075 2076 2077 2084 2090 2091 2092 2093 2094 2095 2101 2102 2103
            2104 2110 2111 2112 2113 2114 2115 2116 2119 2120 2121 2122 2123 2137 2139 2140 2141 2154 2155 2156
            2157 2158 2163 2164 2165 2177 2178 2179 2180 2187 2188 2189 2190 2191 2192 2200 2208 2210 2211 2212
            2213 2222 2223 2229 2230 2231 2232 2233 2234 2235 2236 2241 2253 2254 2264 2265 2266 2273 2274 2275
            2293 2295 2296 2301 2315 2316 2317 2318 2319 2320 2341 2342 2343 2348 2362 2365 2366 2367 2368 2390
            2391 2392 2393 2401 2402 2403 2404 2405 2406 2408 2409 2410 2411 2412 2413 2417 2418 2419 2424 2432
            2443 2444 2445 2451 2458 2470 2471 2472 2473 2474 2475 2476 2477 2478 2485 2486 2487 2488 2489 2490
            2525 2526 2527 2530 2531 2543 2544 2550 2551 2560 2561 2562 2563 2564 2572 2573 2576 2577 2578 2579
            2580 2581 2582 2583 2584 2585 2590 2608 2609 2610 2611 2612 2613 2614 2615 2616 2618 2619 2620 2621
            2622 2637 2638 2639 2640 2643 2651 2667 2668 2669 2675 2676 2677 2683 2692 2693 2694 2699 2702 2703
            2704 2705 2706 2707 2727 2733 2734 2735 2736 2743 2750 2751 2752 2763 2764 2765 2766 2767 2768 2773
            2785 2786 2787 2791 2792 2794 2795 2796 2798 2799 2801 2802 2803 2804 2812 2813 2821 2831 2832 2833
            2834 2835 2842 2843 2844 2845 2846 2852 2853 2855 2856 2857 2858 2859 2860 2864 2865 2866 2867 2868
            2875 2876 2877 2878 2891 2892 2893 2894 2895 2896 2905 2906 2907 2908 2909 2910 2918 2920 2921 2922
            2923 2924 2932 2933 2934 2935 2936 2942 2944 2945 2946 2947 2948 2949 2950 2951 2961 2962 2987 2988
            2989 2990 2994 2995 3004 3005 3006 3007 3008 3009 3035 3038 3060 3061 3062 3063 3064 3081 3082 3110
            3111 3112 3113 3116 3117 3118 3122 3131 3143 3162 3163 3164 3165 3166 3167 3168 3172 3180 3181 3182
            3185 3189 3190 3193 3199 3200 3201 3202 3203 3206 3207 3212 3213 3214 3215 3216 3217 3218 3223 3224
            3225 3236 3238 3239 3240 3272 3273 3274 3275 3276 3277 3278 3280 3281 3293 3294 3299 3300 3301 3302
            3308 3309 3310 3311 3312 3316 3317 3318 3319 3324 3325 3327 3330 3334 3335 3336 3337 3338 3339 3349
            3350 3377 3381 3382 3390 3391 3406 3421 3422 3423 3424 3425 3431 3432 3433 3434 3435 3436 3437 3438
            3471 3472 3473 3474 3475 3477 3509 3512 3513 3514 3515 3516 3520 3521 3522 3523 3524 3525 3526 3531
            3538 3539 3540 3541 3554 3561 3563 3564 3587 3597 3598 3599 3602 3606 3616 3617 3618 3620 3621 3623
            3626 3632 3658 3673 3679 3680 3681 3685 3686 3687 3688 3692 3693 3694 3695 3705 3706 3707 3721 3722
            3723 3724 3728 3729 3730 3731 3732 3750 3751 3752 3753 3754 3761 3763 3764 3765 3766 3767 3768 3774
            3779 3780 3793 3804 3811 3812 3818 3819 3831 3832 3833 3834 3835 3836 3838 3839 3840 3841 3842 3843
            3858 3871 3872 3873 3876 3884 3885 3886 3896 3897 3898 3899 3900 3901 3902 3903 3910 3911 3912 3923
            3924 3929 3930 3931 3932 3933 3942 3943 3944 3945 3946 3947 3948 3949 3950 3951 3952 3965 3966 3967
            3968 3979 3980 3981 3982 3993 3994 3995 3996 3997 4000 4002 4008 4009 4010 4014 4016 4017 4018 4019
            4020 4034 4041 4042 4043 4044 4045 4046 4047 4048 4049 4050 4051 4052 4073 4074 4075 4090 4105 4106
            4107 4108 4109 4111 4112 4113 4123 4124 4125 4146 4147 4156 4157 4158 4159 4163 4164 4165 4166 4172
            4191 4192 4193 4204 4207 4208 4209 4210 4214 4215 4216 4225 4226 4227 4228 4236 4237 4238 4239 4244
            4245 4246 4248 4252 4253 4254 4255 4256 4270 4271 4272 4273 4280 4281 4282 4283 4291 4292 4293 4294
            4306 4307 4308 4309 4311 4312 4313 4314 4334 4335 4336 4341 4342 4343 4345 4346 4347 4350 4351 4357
            4358 4359 4360 4363 4364 4365 4366 4367 4369 4370 4371 4373 4374 4375 4376 4377 4391 4392 4393 4394
            4395 4396 4397 4403 4423 4424 4428 4429 4430 4442 4443 4458 4459 4460 4461 4462 4463 4470 4473 4474
            4475 4476 4488 4489 4490 4491 4495 4496 4497 4498 4499 4500 4501 4502 4504 4505 4506 4507 4510 4511
            4512 4513 4514 4515 4516 4525 4526 4527 4528 4529 4530 4531 4532 4536 4537 4538 4549 4550 4551 4552
            4553 4554 4555 4563 4564 4565 4566 4571 4572 4577 4578 4581 4582 4583 4584 4585 4587 4593 4594 4595
            4596 4604 4605 4606 4607 4621 4622 4625 4626 4627 4628 4629 4640 4641 4642 4643 4647 4652 4653 4654
            4655 4656 4660 4661 4662 4669 4670 4671 4672 4673 4674 4681 4682 4699 4700 4701 4702 4703 4704 4705
            4706 4707 4708 4709 4710 4715 4716 4717 4726 4727 4728 4729 4730 4731 4732 4746 4747 4748 4749 4750
            4751 4757 4767 4768 4769 4770 4771 4772 4773 4774 4775 4776 4777 4778 4798 4806 4807 4808 4809 4810
            4811 4812 4813 4814 4815 4816 4822 4823 4824 4825 4826 4827 4828 4829 4830 4840 4881 4882 4883 4884
            4885 4887 4888 4889 4890 4891 4892 4893 4894 4895 4896 4897 4898 4906 4907 4908 4914 4917 4918 4919
            4920 4921 4931 4932 4933 4934 4935 4942 4960 4961 4962 4963 4964 4965 4993 4998 4999 5000 5001 5002
            5003 5004 5007 5008 5045 5052 5053 5054 5055 5056 5057 5058 5059 5073 5074 5075 5082 5083 5084 5085
            5086 5087 5094 5095 5096 5097 5101 5107 5108 5114 5123 5124 5125 5126 5127 5136 5137 5138 5139 5145
            5146 5147 5148 5149 5150 5151 5152 5153 5154 5155 5171 5172 5173 5174 5175 5177 5178 5179 5180 5183
            5184 5192 5193 5194 5195 5199 5200 5209 5213 5214 5220 5221 5222 5223 5231 5232 5233 5234 5244 5245
            5246 5247 5248 5249 5250 5259 5261 5265 5266 5267 5268 5294 5295 5296 5297 5298 5301 5302 5311 5312
            5313 5320 5325 5326 5327 5332 5333 5342 5343 5344 5345 5347 5353 5369 5370 5371 5372 5382 5383 5384
            5385 5386 5387 5388 5389 5422 5423 5424 5425 5426 5427 5428 5429 5467 5468 5469 5470 5485 5488 5499
            5500 5501 5510 5511 5512 5513 5514 5536 5540 5541 5542 5543 5544 5545 5548 5549 5575 5576 5577 5578
            5579 5593 5633 5634 5635 5636 5637 5638 5639 5649 5650 5674 5675 5676 5677 5678 5679 5687 5688 5689
            5690 5691 5702 5708 5709 5710 5711 5721 5733 5755 5756 5757 5773 5799 5800 5801 5802 5820 5858 5859
            5867 5868 5869 5870 5879 5880 5881 5882 5901 5902 5903 5928 5942 5943 5947 5973 5974 5975 5976 5977
            5978 5987 5988 5989 5990 5991 5992 5993 6002 6003 6004 6005 6006 6019 6020 6021 6064 6065 6068 6069
            6070 6071 6072 6073 6083 6099 6101 6102 6103 6104 6105 6107 6108 6109 6110 6111 6112 6122 6123 6124
            6125 6126 6164 6165 6166 6174 6206 6207 6208 6209 6218 6219 6220 6221 6222 6223 6224 6225 6226 6229
            6230 6237 6238 6239 6259 6260 6267 6273 6274 6275 6276 6278 6279 6280 6283 6284 6289 6290 6294 6304
            6305 6311 6317 6318 6328 6329 6330 6331 6335 6336 6337 6366 6376 6377 6378 6379 6380 6382 6383 6386
            6387 6401 6402 6403 6404 6420 6440 6441 6442 6443 6446 6447 6448 6449 6450 6454 6506 6507 6508 6509
            6539 6585 6586 6587 6588 6589 6596 6608 6609 6610 6611 6612 6613 6614 6684 6686 6687 6688 6689 6700
            6701 6702 6703 6704 6705 6706 6714 6715 6716 6739 6779 6834 6887
        }
    }

    jungle = {
        color = { 98 163 18 }
        type = jungle
        sound_type = jungle
        movement_cost = 1.50
        defence = 1
        local_development_cost = 0.35
        combat_width = -0.25
        supply_limit = 5
        terrain_override = {
            492 529 1125 1126 1127 1221 1222 1223 1245 1246 1247 1258 1363 1364 1365 1366 1404 1405 1406 1407 1408
            1456 1506 1507 1508 1718 2720 2730 2731 2732 2789 2916 2970 2971 2972 2973 2974 2975 2985 3002 3003
            3031 3032 3033 3034 3041 3086 3087 3088 3089 3102 3103 3160 3169 3170 3187 3229 3230 3231 3232 3233
            3234 3245 3265 3266 3267 3331 3332 3415 3418 3419 3464 3465 3504 3505 3506 3507 3532 3565 3589 3590
            3591 3592 3593 3622 3647 3648 3660 3672 3758 3759 3769 3770 3825 3826 3827 3844 3847 3889 3890 3891
            3892 3934 3935 3936 3937 3964 4040 4053 4054 4055 4056 4187 4586 4683 4695 4696 4756 4758 4759 4760
            4761 4762 4763 4820 4954 4955 4956 4957 4958 4959 4983 5022 5023 5024 5033 5061 5064 5161 5168 5201
            5230 5255 5256 5257 5264 5271 5272 5282 5283 5284 5285 5286 5287 5288 5289 5290 5293 5482 5498 5527
            5552 5553 5794 5929 6053 6054 6055 6056 6057 6281 6282 6319 6320 6467 6468 6786 7094 7101 7109 7111
            7114 7115 7120 7121 7124 7126 7127 7130 7131 7133 7138 7139 7142
        }
    }

    marsh = {
        color = { 13 189 130 }
        type = marsh
        sound_type = forest
        movement_cost = 1.30
        defence = 1
        local_development_cost = 0.25
        combat_width = -0.25
        supply_limit = 5
        terrain_override = {
            170 171 176 376 377 402 429 430 486 504 603 604 605 677 684 685 703 730 742 743 744 768 799 800 913
            920 921 936 942 955 956 1031 1032 1033 1034 1090 1091 1099 1100 1101 1121 1122 1123 1124 1162 1163
            1164 1165 1166 1227 1228 1229 1237 1238 1251 1262 1263 1271 1332 1333 1334 1335 1398 1399 1409 1410
            1411 1412 1436 1437 1438 1492 1497 1498 1499 1500 1501 1502 1503 1504 1525 1536 1558 1570 1571 1599
            1609 1610 1611 1672 1691 1692 1694 1695 1696 1705 1711 1734 1735 1779 1787 1788 1813 1814 1815 1816
            1817 1818 1907 1908 1909 1910 1914 1915 1940 1941 1945 1946 1947 1948 1968 1973 1984 2004 2005 2007
            2023 2024 2025 2052 2059 2073 2125 2170 2181 2205 2246 2247 2248 2311 2364 2420 2428 2429 2430 2431
            2558 2559 2569 2624 2625 2761 2762 2828 2840 2841 2861 2862 2917 2938 2939 3058 3059 3246 3478 3482
            3483 3492 3493 3494 3495 3496 3527 3528 3529 3530 3596 3628 3760 3830 3845 3859 3940 4071 4143 4170
            4171 4174 4189 4230 4267 4318 4412 4457 4646 4764 4765 4766 4785 4786 4789 4926 4927 4928 4929 4946
            4968 4969 4970 4971 5090 5119 5120 5121 5122 5354 5390 5412 5484 5703 5720 5759 5760 5761 5762 5763
            5779 5824 5825 5828 5829 5862 5893 5894 5895 5896 5897 5898 5909 5910 5911 5912 5984 6193 6999
        }
    }

    desert = {
        color = { 242 242 111 }
        type = desert
        sound_type = desert
        movement_cost = 1.05
        supply_limit = 4
        local_development_cost = 0.35
        terrain_override = {
            1265 1266 1320 1321 1322 1323 1324 1448 1487 1726 1769 1930 2138 2426 2427 2519 2520 2664 2665 2847
            2848 2849 2850 2851 2958 2959 2960 2991 2992 2993 2998 2999 3000 3055 3091 3092 3093 3104 3105 3106
            3130 3178 3219 3220 3221 3222 3241 3242 3243 3244 3285 3286 3287 3292 3295 3296 3320 3328 3329 3342
            3343 3363 3364 3365 3366 3369 3370 3371 3372 3373 3374 3375 3386 3417 3448 3459 3460 3461 3462 3463
            3466 3467 3468 3469 3470 3517 3518 3535 3536 3537 3566 3567 3568 3569 3572 3573 3574 3575 3576 3577
            3578 3579 3601 3661 3662 3663 3675 3676 3677 3678 3709 3710 3711 3712 3713 3714 3733 3734 3735 3736
            3737 3738 3739 3740 3781 3794 3795 3796 3799 3800 3801 3802 3803 3805 3806 3807 3808 3809 3810 3816
            3817 3849 3850 3853 3854 3855 3856 3867 3868 3869 3877 3878 3879 3918 3919 3920 3953 3954 3955 3956
            3957 3958 3974 3975 3976 3977 3978 4007 4011 4025 4026 4027 4063 4064 4065 4066 4067 4088 4089 4091
            4092 4093 4094 4095 4096 4097 4098 4099 4100 4101 4102 4103 4104 4110 4126 4127 4128 4178 4179 4180
            4181 4182 4241 4242 4274 4275 4276 4277 4278 4279 4284 4285 4286 4287 4288 4289 4327 4328 4329 4330
            4331 4332 4333 4344 4437 4438 4439 4440 4450 4451 4452 4453 4454 4455 4539 4540 4541 4542 4543 4589
            4590 4591 4592 4667 4668 4787 4788 4838 4916 5068 5176 5203 5204 5205 5206 5207 5208 5211 5242 5373
            5374 5434 5461 5462 5463 5464 5623 5624 5625 5628 5629 6074 6087 6152 6157 6228 6286 6287 6350 6428
            6429 6430 6432 6515 6543 6619 7095 7098 7102 7104 7105 7107 7118 7119 7129 7135 7141 7145
        }
    }

    coastal_desert = {
        color = { 255 211 110 }
        type = desert
        sound_type = desert
        movement_cost = 1.0
        local_development_cost = 0.25
        supply_limit = 4
        terrain_override = {
        }
    }

    coastline = {
        color = { 49 175 191 }
        sound_type = sea
        movement_cost = 1.0
        local_development_cost = 0.25
        supply_limit = 6
        terrain_override = {
        }
    }

    drylands = {
        color = { 232 172 102 }
        type = plains
        sound_type = plains
        movement_cost = 1.0
        local_development_cost = 0.05
        supply_limit = 7
        allowed_num_of_buildings = 1
        terrain_override = {
        }
    }

    highlands = {
        color = { 176 129 21 }
        type = hills
        sound_type = mountain
        movement_cost = 1.40
        defence = 1
        local_defensiveness = 0.10
        local_development_cost = 0.20
        combat_width = -0.25
        supply_limit = 6
        terrain_override = {
            2824 2997 3015 3067 3068 3090 3129 3194 3195 3196 3197 3198 3260 3268 3416 3454 3455 3456 3508 3594
            3607 3608 3633 3634 3635 3636 3651 3652 3653 3684 3748 3851 3852 3925 3926 3927 4139 4140 4337 4911
            4912 4913 4936 5027 5028 5029 5030 5049 5050 5051 5537 5538 5539 5618
        }
    }

    savannah = {
        color = { 248 199 23 }
        sound_type = plains
        movement_cost = 1.0
        local_development_cost = 0.15
        supply_limit = 6
        terrain_override = {
            1259 1260 1287 1306 1307 1308 1309 1326 1342 1343 1400 1699 1700 1701 1774 1856 1857 2528 2595 2596
            2597 2598 2599 2600 2601 2666 2671 2672 2673 2674 2687 2688 2689 2690 2696 2697 2698 2742 2755 2756
            2757 2806 2807 2808 2809 2810 2811 2818 2820 2871 2902 2952 2953 2954 2955 2956 2979 2980 2981 2982
            3001 3022 3023 3024 3025 3026 3027 3029 3030 3042 3043 3044 3045 3049 3050 3051 3052 3078 3079 3080
            3094 3095 3096 3097 3107 3108 3109 3134 3135 3136 3137 3155 3156 3157 3158 3159 3208 3209 3210 3211
            3226 3227 3228 3251 3255 3256 3257 3258 3261 3262 3263 3264 3288 3289 3290 3291 3303 3304 3305 3307
            3313 3314 3315 3344 3376 3383 3412 3413 3414 3486 3487 3488 3489 3490 3491 3497 3542 3543 3544 3545
            3570 3580 3581 3582 3583 3584 3585 3586 3615 3640 3715 3716 3717 3741 3742 3784 3785 3788 3789 3846
            4005 4035 4036 4115 4152 4185 4186 4205 4206 4418 4420 4471 4472 4522 4523 4524 4559 4560 4561 4562
            4568 4631 4632 4633 4634 4635 4636 4637 4675 4676 4677 4678 4679 4680 4690 4693 4694 4735 4736 4737
            4738 4739 4740 4741 4780 4781 4782 4783 4784 4831 4832 4833 4834 4835 4836 4855 4856 4857 4867 4868
            4869 4870 4871 4872 4873 4877 4878 4937 4938 4947 4948 4949 4950 4984 4985 5011 5012 5013 5014 5015
            5016 5062 5071 5072 5088 5089 5116 5117 5133 5134 5135 5140 5141 5156 5157 5158 5169 5170 5187 5188
            5235 5270 5273 5329 5348 5349 5350 5351 5413 5414 5415 5441 5442 5443 5444 5445 5446 5447 5483 5489
            5497 5519 5520 5524 5525 5526 5534 5535 5556 5559 5560 5561 5562 5563 5564 5594 5599 5600 5601 5602
            5603 5640 5643 5644 5645 5646 5652 5665 5667 5693 5696 5697 5737 5752 5753 5754 5776 5777 5778 5789
            5790 5810 5831 5832 5833 5846 5860 5905 5906 6043
        }
    }

    steppe = {
        color = { 147 200 83 }
        type = plains
        sound_type = plains
        movement_cost = 1.0
        local_development_cost = 0.20
        supply_limit = 6
        terrain_override = {
            5128 5129 5130 5131 5190 5191 5274 5362 5375 5459 5460 5466 5487 5581 5582 5583 5605 5626 5648 5684
            5724 5725 5726 5727 5728 5729 5744 5745 5746 5747 5748 5749 5750 5781 5782 5783 5784 5791 5792 5793
            5814 5844 5885 5886 5915 5916 5917 5918 5924 5925 5926 5927 5932 5933 5934 5935 5936 5937 5938 5949
            5950 5951 5952 5953 5954 5955 5956 5957 5958 5959 5965 5966 5967 5968 5969 5970 5971 5972 5981 5982
            5983 5985 6011 6012 6013 6014 6015 6016 6017 6018 6022 6023 6024 6025 6026 6031 6035 6036 6037 6038
            6039 6040 6041 6052 6079 6080 6081 6114 6136 6137 6138 6139 6140 6143 6144 6145 6146 6147 6148 6149
            6169 6170 6171 6188 6202 6203 6204 6205 6213 6214 6215 6216 6217 6288 6295 6296 6297 6298 6299 6300
            6301 6302 6303 6322 6323 6324 6357 6358 6367 6368 6373 6391 6392 6393 6405 6409 6410 6416 6423 6424
            6425 6444 6445 6483 6484 6485 6486 6491 6492 6493 6498 6499 6503 6504 6524 6525 6526 6527 6528 6529
            6530 6531 6532 6544 6545 6560 6565 6569 6570 6571 6572 6578 6579 6580 6581 6582 6583 6584 6590 6591
            6592 6593 6603 6604 6605 6606 6637 6638 6639 6640 6641 6642 6643 6649 6650 6651 6652 6653 6654 6655
            6666 6667 6668 6696 6697 6698 6699 6709 6710 6711 6719 6720 6721 6722 6730 6751 6752 6753 6754 6755
            6756 6757 6758 6778 6781 6783 6792 6793 6794 6795 6796 6804 6805 6806 6822 6823 6824 6851 6856 6857
            6859 6860 6861 6862 6863 6868 6869 6870 6872 6881 6882 6909 6910 6911 6912 6913 6914 6917 6918 6919
            6923 6924 6925 6926 6927 6928 6929 6930 6931 6932 6933 6968 6969 6970
        }
    }

}

terrain = {
    grasslands = { type = grasslands color = { 0 } }
    hills = { type = hills color = { 1 } }
    desert_mountain = { type = mountain color = { 2 } }
    desert = { type = desert color = { 3 } }
    plains = { type = grasslands color = { 4 } }
    terrain_5 = { type = grasslands color = { 5 } }
    mountain = { type = mountain color = { 6 } }
    desert_mountain_low = { type = desert color = { 7 } }
    terrain_8 = { type = hills color = { 8 } }
    marsh = { type = marsh color = { 9 } }
    terrain_10 = { type = farmlands color = { 10 } }
    terrain_11 = { type = farmlands color = { 11 } }
    forest_12 = { type = forest color = { 12 } }
    forest_13 = { type = forest color = { 13 } }
    forest_14 = { type = forest color = { 14 } }
    ocean = { type = ocean color = { 15 } }
    glacier = { type = glacier color = { 16 } }
    inland_ocean_17 = { type = inland_ocean color = { 17 } }
    coastal_desert_18 = { type = coastal_desert color = { 19 } }
    savannah = { type = savannah color = { 20 } }
    terrain_21 = { type = farmlands color = { 21 } }
    drylands = { type = drylands color = { 22 } }
    highlands = { type = highlands color = { 23 } }
    dry_highlands = { type = highlands color = { 24 } }
    coastline = { type = coastline color = { 35 } }
    relic = { type = relic color = { 128 } }
    megadam = { type = megadam color = { 129 } }
    steppe = { type = steppe color = { 130 } }
    jungle = { type = jungle color = { 254 } }
    woods = { type = woods color = { 255 } }
}

tree = {
    forest = { terrain = forest color = { 3 4 6 7 19 20 } }
    woods = { terrain = woods color = { 2 5 8 18 } }
    jungle = { terrain = jungle color = { 13 14 15 } }
    palms = { terrain = desert color = { 12 } }
    savana = { terrain = grasslands color = { 27 28 29 30 } }
}
